13486502197
13567051039
15990248018
13486502757
13567323663
17858588576
18857620353
17858031479
15268349165
19883987137
19883351944
18857610503
13736625124
13456335532
13566372320
15058078800
18857694241
18767549318
18858490216
15858926860
15968242391
13567308161
18357666161
13566113044
18857618145
13587976453
13616687811
13645703560
15267599594
13454639722
18405706496
19844121273
13967210193
13857567523
18869983981
18758795522
15068330292
13511375950
13706691465
18857499907
15857799135
18257310947
18458851946
15858897596
17815829436
15068801840
15726834656
19857342155
15067610483
13588858455
13505737678
13806697926
13588694450
15258675790
13735649023
15224198371
15868039138
15858266848
18357070953
15167344770
