15858723536
13634250065
15088816903
18257622580
17816926230
18757198708
17280569300
13676743423
18268333466
15088405325
15925763756
19857960470
15968361601
17816447266
15088409697
18758474972
15268356021
13587205712
18867686480
18857834085
15824579540
17280526377
13646842507
13857874523
18258137750
18367897714
15068990549
18867969078
13566837612
13586574692
15867790632
13732306799
15888147237
15067383989
15958628829
15088917952
13736248645
13586961517
15868295097
15858806251
17816016383
18357369760
18857371749
17815590142
15088409739
18257561287
19883324916
15088409121
15067383431
15858393647
15088407360
13758336413
15268765027
15868120446
18257084825
15205735499
15157640389
18257804288
17857293940
18267085498
13968818300
13967464407
18858653227
13732061690
18757865154
18757356920
17816694171
15258003374
13588802690
13777206478
18815277974
18368368997
13736519140
18367099039
18257079731
18858333872
13736559741
18857618694
13777012215
18257784796
18324403857
15858114156
13456274966
18358033953
15088409077
18357651819
13676413945
15058850586
15858973067
15858633863
18257455986
13655763904
18267058679
15214786902
18368555272
17857520969
13738438594
17280941320
18867198522
15867654597
15858315037
13777480790
13586255825
18757018653
13456080715
18257206984
13868525328
15988528736
18258138659
15268355976
19884846023
19883750700
13484130276
13867998913
15825403226
17815583786
15224091489
13757288748
18857753810
15058061892
18358134178
13586028903
18267644452
15857479355
13857714283
15257374357
13858221432
13516924317
19817122113
13456566013
18268261423
13588010515
13758826790
15967018794
17857656201
15257154365
15057367967
13867696211
15858637644
15268110589
15967023173
13757898437
18358901744
13676720171
15958216096
14757887583
13587299737
15757411556
13566694189
18413385043
15205833745
15068637017
13736526577
15157757662
18257455856
13511280173
13586014362
18257396743
13754277203
18248583270
18767157434
15167651674
15967400284
15988282854
15868644278
18257850336
15957736195
18367257798
15214771536
15888538589
15215803402
13626609461
13819235126
19883961656
14757888516
18248565297
18258303212
13606776634
13665765876
13957469103
13456581011
18257068953
18358047490
18257286534
19817219176
15005871627
15068037590
18205890661
18248540775
18257079753
18367685021
15857637589
13575530603
15857232945
18358968165
15858178237
15057649145
13868930256
13989653342
18268568021
18268171461
15967610615
15728089903
13586589409
13868403720
18767025121
18367525676
15157454673
13575847733
18257813987
13732301069
15957584399
15088773329
19858757787
13958417652
15168658645
15958962157
13516924294
15958911205
18267694399
13754310961
15167967326
15888131189
15088407925
18258531603
13906722427
13736818102
15825511041
15906756731
15258852205
15158708259
13655788413
19884270324
15268223521
18858690089
17888255253
13738930831
13736682926
18768257721
18266970431
15067542322
15268207968
15990733991
15057654442
13646542511
18368251064
15967672647
15888897624
13586032291
13567855684
18329088409
18267658771
17867801206
15825578440
15858552589
18329088429
15869252300
13429669379
18358011490
15257584906
13958511459
15858969967
17280948033
18329088427
15824326340
13754230308
13586707035
13857463569
13819730231
15968429117
13758651159
15167729805
13575339152
15990602303
13567899460
18395964274
19846762748
18258219885
15258923805
13968421736
15267107509
13736820243
13968913264
15067063115
13958268019
13858221141
15257521285
18367099037
15869493179
15214782495
18257393369
18357937690
13957144333
14705704991
15757221401
13575354715
18395870636
13758901782
13586251025
17280553834
15088407815
15857362086
15215895492
13732152984
17867837587
13616820164
13968536005
15167635692
19818136026
15857220858
18257214094
15088407523
18367099063
18258322181
15858489846
18868353486
13857924384
18258905390
15968671372
13429652219
13586299945
15267961834
13732599687
13666829436
15088405652
15858968331
13567265009
18267382501
15088408121
17815583812
15088869283
13754348008
13616553512
15968242814
15967645737
15906604530
17280533173
15824397629
17826972921
18266995186
15057105012
13575640257
15088406921
13857175250
18395966353
13516924334
13484127178
15224041310
18367691705
13858697312
15958226257
13867512157
18257455722
18458328582
17815590301
15158184063
19884863262
13958822712
15968505009
19883306220
13738241244
13958292700
18858603809
15869615326
15058138962
15268487941
18258789571
15168496183
15868250610
15825624526
15957509483
13486942701
13777946290
15005771866
15968230560
13857967470
13858626268
15957555856
15858790023
17857656207
15990200140
15967218824
13586007161
18367099170
18267220758
13735302113
13868253164
19816811621
13967962311
13615821844
13868696952
13665729878
18268652486
13656595794
13968529584
15088406301
15067682413
13587014299
15088410811
15058335379
18258975588
15057138057
15268822419
13777450897
19844187040
13429238750
17858534758
15058664295
18267642584
15925889355
15968675645
18857609509
15868658440
13736275101
13758635303
13587091369
13968527350
18358560749
18867182642
15088449096
15158972433
13736535729
13606803956
15267909646
13780053430
19816946553
15958506323
15958619914
13566847736
15215810639
15214775612
15057732450
13968785960
15157765528
13989612854
15867466696
15215991842
13732038987
18367393334
15957659533
13777745164
19818024110
13868254324
15257680472
18205890492
15967632710
13857822891
15068359730
13588834367
13757006985
15968671896
15958531251
15967616381
17280947803
18267111020
13857275378
15925759913
13656789834
18367098959
15088513851
19818300279
15858038331
18257202674
15990586162
15905898752
19883952205
15057589719
18758002736
